aipp_op{
    aipp_mode:static
    input_format:RGB888_U8
    rbuv_swap_switch:false
    src_image_size_w : 384
    src_image_size_h : 384
    min_chn_0 : 123.675
    min_chn_1 : 116.28
    min_chn_2 : 103.53
    var_reci_chn_0 : 0.0171247538316637
    var_reci_chn_1 : 0.0175070028011204
    var_reci_chn_2 : 0.0174291938997821

}

