aipp_op {
    aipp_mode: static
    input_format : RGB888_U8
    rbuv_swap_switch : true
    mean_chn_0 : 0
    mean_chn_1 : 0
    mean_chn_2 : 0
    min_chn_0 : 125.307
    min_chn_1 : 122.961
    min_chn_2 : 113.8575
    var_reci_chn_0 : 0.0193849165963963
    var_reci_chn_1 : 0.0196668436682597
    var_reci_chn_2 : 0.0195102916788606
}