aipp_op {
    aipp_mode: static
    input_format : RGB888_U8

    rbuv_swap_switch : true

    mean_chn_0 : 0
    mean_chn_1 : 0
    mean_chn_2 : 0
    min_chn_0 : 121.125
    min_chn_1 : 115.005
    min_chn_2 : 99.96
    var_reci_chn_0 : 0.0142602495543672
    var_reci_chn_1 : 0.014687522949254607
    var_reci_chn_2 : 0.014106361969248131
}