aipp_op {
    aipp_mode: static
    input_format : RGB888_U8

    rbuv_swap_switch : true

    mean_chn_0 : 0
    mean_chn_1 : 0
    mean_chn_2 : 0
    min_chn_0 : 123.675
    min_chn_1 : 116.28
    min_chn_2 : 103.53
    var_reci_chn_0 : 0.0161247538316637
    var_reci_chn_1 : 0.0165070028011204
    var_reci_chn_2 : 0.0164291938997821
}