aipp_op {
    aipp_mode: static
    input_format : RGB888_U8

    rbuv_swap_switch : true

    mean_chn_0 : 0
    mean_chn_1 : 0
    mean_chn_2 : 0
    min_chn_0 : 123.675
    min_chn_1 : 116.28
    min_chn_2 : 103.53
    var_reci_chn_0 : 0.017124753831663668
    var_reci_chn_1 : 0.01750700280112045
    var_reci_chn_2 : 0.017429193899782133
}
