aipp_op {
    aipp_mode: static
    input_format : RGB888_U8

    src_image_size_w: 256
    src_image_size_h: 256

    crop: true
    load_start_pos_w: 16
    load_start_pos_h: 16
    crop_size_w: 224
    crop_size_h: 224

    rbuv_swap_switch : true
    csc_switch: false

    mean_chn_0 : 0
    mean_chn_1 : 0
    mean_chn_2 : 0
    min_chn_0 : 123.675
    min_chn_1 : 116.28
    min_chn_2 : 103.53
    var_reci_chn_0 : 0.0171247538316637
    var_reci_chn_1 : 0.0175070028011204
    var_reci_chn_2 : 0.0174291938997821
}