aipp_op {
    aipp_mode : static
    input_format : RGB888_U8
    rbuv_swap_switch : true
    
    mean_chn_0 : 0
    mean_chn_1 : 0
    mean_chn_2 : 0
    min_chn_0 : 125.307
    min_chn_1 : 122.961
    min_chn_2 : 113.8575
    var_reci_chn_0 : 0.01938492
    var_reci_chn_1 : 0.01966684
    var_reci_chn_2 : 0.01951029
}
