aipp_op {
aipp_mode:static
input_format:RGB888_U8
min_chn_0:123.675
min_chn_1:116.28
min_chn_2:103.53
var_reci_chn_0:0.01712475
var_reci_chn_1:0.017507
var_reci_chn_2:0.01742919
}
